100
2 98 22
2 50 33
1 37
3 98 5 52
2 17 99
4 65 3 19 91
1 37
3 61 54 26
1 37
1 45
1 90
1 30
1 37
2 93 92
2 21 57
4 77 94 28 73
1 74
3 4 63 87
1 88
3 5 91 45
1 32
4 14 97 22 47
5 21 0 66 35 81
2 58 37
1 95
2 82 37
3 7 83 36
1 37
3 15 31 67
3 41 85 47
2 11 53
2 28 66
2 20 36
2 1 91
5 42 53 59 62 88
3 22 65 91
3 32 26 44
13 80 2 6 8 12 23 25 27 60 64 68 79 86
3 55 71 90
1 63
4 91 73 46 75
2 29 80
4 34 72 51 71
4 84 53 44 99
3 36 43 89
3 9 19 87
3 40 85 93
6 21 29 57 73 92 94
3 57 85 88
2 74 65
2 1 76
2 42 55
2 53 3
4 43 52 34 30
4 7 92 85 76
4 38 51 81 61
1 97
3 48 14 47
1 23
2 34 81
1 37
2 7 55
3 66 34 69
2 17 39
1 37
4 5 35 49 90
3 22 31 62
2 28 77
1 37
4 87 62 70 88
1 69
2 42 38
3 42 88 83
4 40 47 87 15
4 49 95 76 16
1 40
3 54 74 50
2 15 67
1 85
1 37
3 37 41 93
3 55 59 22
1 25
3 26 72 89
3 43 87 92
5 29 46 48 54 78
1 37
5 45 69 73 17 84
6 18 72 48 69 34 97
3 83 96 44
3 10 65 38
5 19 33 40 5 35
4 54 13 84 47
3 13 80 46
2 15 47
2 74 24
1 89
3 21 56 88
2 0 3
2 4 43
