30
7 17 25 28 24 5 13 19 
5 20 7 15 23 19 
4 8 11 25 19 
2 12 22 
5 11 26 15 10 28 
4 25 0 10 27 
9 18 26 11 14 15 27 19 9 7 
7 23 1 9 22 19 6 26 
9 11 22 2 15 25 17 28 16 20 
7 26 29 19 10 7 6 25 
6 13 4 9 5 25 20 
12 25 4 8 19 28 6 24 22 2 26 18 27 
4 25 28 3 21 
5 10 15 20 0 27 
3 21 6 27 
6 4 13 8 1 26 6 
3 24 8 25 
4 0 18 8 20 
5 17 6 22 11 25 
9 28 11 9 6 22 1 0 7 2 
9 1 13 21 22 26 25 17 8 10 
3 14 20 12 
7 8 18 11 20 19 7 3 
3 7 28 1 
5 16 11 0 28 26 
11 11 12 0 8 5 20 2 9 18 16 10 
9 9 4 6 27 15 20 11 24 7 
6 26 6 5 14 13 11 
8 19 11 0 23 12 24 8 4 
1 9 
